ln=0;38;2;255;106;193
st=0
so=0;38;2;0;0;0;48;2;255;106;193
mh=0
ex=1;38;2;224;108;117
di=1;38;2;97;175;239
do=0;38;2;0;0;0;48;2;255;106;193
sg=0
rs=0
pi=0;38;2;0;0;0;48;2;97;175;239
su=0
or=0;38;2;0;0;0;48;2;224;108;117
ow=0
tw=0
no=0
mi=0;38;2;0;0;0;48;2;224;108;117
fi=0
cd=0;38;2;255;106;193;48;2;51;51;51
bd=0;38;2;86;182;194;48;2;51;51;51

*~=0;38;2;102;102;102
*.z=4;38;2;86;182;194
*.h=0;38;2;152;195;121
*.t=0;38;2;152;195;121
*.r=0;38;2;152;195;121
*.a=1;38;2;224;108;117
*.p=0;38;2;152;195;121
*.o=0;38;2;102;102;102
*.m=0;38;2;152;195;121
*.c=0;38;2;152;195;121
*.d=0;38;2;152;195;121
*.bz=4;38;2;86;182;194
*.gz=4;38;2;86;182;194
*.xz=4;38;2;86;182;194
*.7z=4;38;2;86;182;194
*.cc=0;38;2;152;195;121
*.rm=0;38;2;255;106;193
*.ml=0;38;2;152;195;121
*.la=0;38;2;102;102;102
*.lo=0;38;2;102;102;102
*.fs=0;38;2;152;195;121
*.wv=0;38;2;255;106;193
*.jl=0;38;2;152;195;121
*.py=0;38;2;152;195;121
*.vb=0;38;2;152;195;121
*.pp=0;38;2;152;195;121
*.ll=0;38;2;152;195;121
*.hi=0;38;2;102;102;102
*.cr=0;38;2;152;195;121
*.di=0;38;2;152;195;121
*.gv=0;38;2;152;195;121
*.cs=0;38;2;152;195;121
*.rs=0;38;2;152;195;121
*.ko=1;38;2;224;108;117
*.hs=0;38;2;152;195;121
*.js=0;38;2;152;195;121
*.el=0;38;2;152;195;121
*.nb=0;38;2;152;195;121
*.ts=0;38;2;152;195;121
*.pm=0;38;2;152;195;121
*.bc=0;38;2;102;102;102
*.mn=0;38;2;152;195;121
*.ui=0;38;2;229;192;123
*.kt=0;38;2;152;195;121
*.as=0;38;2;152;195;121
*.ps=0;38;2;224;108;117
*.pl=0;38;2;152;195;121
*.so=1;38;2;224;108;117
*.go=0;38;2;152;195;121
*.sh=0;38;2;152;195;121
*.cp=0;38;2;152;195;121
*.ex=0;38;2;152;195;121
*.td=0;38;2;152;195;121
*.hh=0;38;2;152;195;121
*.rb=0;38;2;152;195;121
*.md=0;38;2;229;192;123
*.iso=4;38;2;86;182;194
*.tar=4;38;2;86;182;194
*.dmg=4;38;2;86;182;194
*.zst=4;38;2;86;182;194
*.img=4;38;2;86;182;194
*.tgz=4;38;2;86;182;194
*.pkg=4;38;2;86;182;194
*.bag=4;38;2;86;182;194
*.rar=4;38;2;86;182;194
*.apk=4;38;2;86;182;194
*.zip=4;38;2;86;182;194
*.vcd=4;38;2;86;182;194
*.tbz=4;38;2;86;182;194
*.arj=4;38;2;86;182;194
*.bz2=4;38;2;86;182;194
*.deb=4;38;2;86;182;194
*.bin=4;38;2;86;182;194
*.jar=4;38;2;86;182;194
*.rpm=4;38;2;86;182;194
*.css=0;38;2;152;195;121
*.sxw=0;38;2;224;108;117
*.ltx=0;38;2;152;195;121
*.kex=0;38;2;224;108;117
*.asa=0;38;2;152;195;121
*.com=1;38;2;224;108;117
*.csv=0;38;2;229;192;123
*.cxx=0;38;2;152;195;121
*.ppm=0;38;2;255;106;193
*.pyc=0;38;2;102;102;102
*.erl=0;38;2;152;195;121
*.kts=0;38;2;152;195;121
*.pas=0;38;2;152;195;121
*.bib=0;38;2;229;192;123
*.wmv=0;38;2;255;106;193
*.ods=0;38;2;224;108;117
*.sxi=0;38;2;224;108;117
*.ogg=0;38;2;255;106;193
*.awk=0;38;2;152;195;121
*.exe=1;38;2;224;108;117
*.vob=0;38;2;255;106;193
*.ppt=0;38;2;224;108;117
*.wma=0;38;2;255;106;193
*.bbl=0;38;2;102;102;102
*.inl=0;38;2;152;195;121
*.tmp=0;38;2;102;102;102
*.m4v=0;38;2;255;106;193
*.fls=0;38;2;102;102;102
*.bak=0;38;2;102;102;102
*.toc=0;38;2;102;102;102
*.psd=0;38;2;255;106;193
*.sbt=0;38;2;152;195;121
*.elm=0;38;2;152;195;121
*.xls=0;38;2;224;108;117
*.pdf=0;38;2;224;108;117
*.otf=0;38;2;255;106;193
*.bat=1;38;2;224;108;117
*.pyd=0;38;2;102;102;102
*.fsi=0;38;2;152;195;121
*.ps1=0;38;2;152;195;121
*.tcl=0;38;2;152;195;121
*.xlr=0;38;2;224;108;117
*.hxx=0;38;2;152;195;121
*.eps=0;38;2;255;106;193
*.bmp=0;38;2;255;106;193
*.epp=0;38;2;152;195;121
*.flv=0;38;2;255;106;193
*.bsh=0;38;2;152;195;121
*.mp4=0;38;2;255;106;193
*.pod=0;38;2;152;195;121
*.log=0;38;2;102;102;102
*.sty=0;38;2;102;102;102
*.git=0;38;2;102;102;102
*.avi=0;38;2;255;106;193
*.txt=0;38;2;229;192;123
*.ipp=0;38;2;152;195;121
*.blg=0;38;2;102;102;102
*.tsx=0;38;2;152;195;121
*.xml=0;38;2;229;192;123
*.fon=0;38;2;255;106;193
*.wav=0;38;2;255;106;193
*.tex=0;38;2;152;195;121
*.fsx=0;38;2;152;195;121
*.lua=0;38;2;152;195;121
*.h++=0;38;2;152;195;121
*.tml=0;38;2;229;192;123
*.clj=0;38;2;152;195;121
*.cfg=0;38;2;229;192;123
*.pro=0;38;2;152;195;121
*.zsh=0;38;2;152;195;121
*.dll=1;38;2;224;108;117
*.out=0;38;2;102;102;102
*.idx=0;38;2;102;102;102
*.yml=0;38;2;229;192;123
*.gvy=0;38;2;152;195;121
*.csx=0;38;2;152;195;121
*.xmp=0;38;2;229;192;123
*.ilg=0;38;2;102;102;102
*.inc=0;38;2;152;195;121
*.vim=0;38;2;152;195;121
*.gif=0;38;2;255;106;193
*.jpg=0;38;2;255;106;193
*.sql=0;38;2;152;195;121
*.dpr=0;38;2;152;195;121
*.php=0;38;2;152;195;121
*.bcf=0;38;2;102;102;102
*.pid=0;38;2;102;102;102
*.mkv=0;38;2;255;106;193
*.swf=0;38;2;255;106;193
*.mli=0;38;2;152;195;121
*.dot=0;38;2;152;195;121
*.aux=0;38;2;102;102;102
*.xcf=0;38;2;255;106;193
*.ico=0;38;2;255;106;193
*.mir=0;38;2;152;195;121
*.mov=0;38;2;255;106;193
*.rtf=0;38;2;224;108;117
*.c++=0;38;2;152;195;121
*.ini=0;38;2;229;192;123
*.mpg=0;38;2;255;106;193
*.tif=0;38;2;255;106;193
*.htc=0;38;2;152;195;121
*.pyo=0;38;2;102;102;102
*.cgi=0;38;2;152;195;121
*.odp=0;38;2;224;108;117
*.hpp=0;38;2;152;195;121
*.rst=0;38;2;229;192;123
*.mid=0;38;2;255;106;193
*.def=0;38;2;152;195;121
*.pgm=0;38;2;255;106;193
*.pps=0;38;2;224;108;117
*.fnt=0;38;2;255;106;193
*.pbm=0;38;2;255;106;193
*.swp=0;38;2;102;102;102
*.doc=0;38;2;224;108;117
*.nix=0;38;2;229;192;123
*.htm=0;38;2;229;192;123
*.aif=0;38;2;255;106;193
*.cpp=0;38;2;152;195;121
*.ttf=0;38;2;255;106;193
*.bst=0;38;2;229;192;123
*.dox=0;38;2;152;195;121
*.ind=0;38;2;102;102;102
*.odt=0;38;2;224;108;117
*.ics=0;38;2;224;108;117
*.png=0;38;2;255;106;193
*.exs=0;38;2;152;195;121
*.mp3=0;38;2;255;106;193
*.m4a=0;38;2;255;106;193
*.svg=0;38;2;255;106;193
*.tbz2=4;38;2;86;182;194
*.epub=0;38;2;224;108;117
*.fish=0;38;2;152;195;121
*.orig=0;38;2;102;102;102
*.psm1=0;38;2;152;195;121
*.psd1=0;38;2;152;195;121
*.diff=0;38;2;152;195;121
*.json=0;38;2;229;192;123
*.make=0;38;2;152;195;121
*.pptx=0;38;2;224;108;117
*.purs=0;38;2;152;195;121
*.opus=0;38;2;255;106;193
*.html=0;38;2;229;192;123
*.toml=0;38;2;229;192;123
*.xlsx=0;38;2;224;108;117
*.lisp=0;38;2;152;195;121
*.webm=0;38;2;255;106;193
*.java=0;38;2;152;195;121
*.bash=0;38;2;152;195;121
*.dart=0;38;2;152;195;121
*.h264=0;38;2;255;106;193
*.less=0;38;2;152;195;121
*.flac=0;38;2;255;106;193
*.tiff=0;38;2;255;106;193
*.mpeg=0;38;2;255;106;193
*.conf=0;38;2;229;192;123
*.docx=0;38;2;224;108;117
*.jpeg=0;38;2;255;106;193
*.lock=0;38;2;102;102;102
*.hgrc=0;38;2;152;195;121
*.yaml=0;38;2;229;192;123
*.rlib=0;38;2;102;102;102
*.toast=4;38;2;86;182;194
*.xhtml=0;38;2;229;192;123
*.cache=0;38;2;102;102;102
*.mdown=0;38;2;229;192;123
*.dyn_o=0;38;2;102;102;102
*.cmake=0;38;2;152;195;121
*.swift=0;38;2;152;195;121
*.cabal=0;38;2;152;195;121
*.scala=0;38;2;152;195;121
*.patch=0;38;2;152;195;121
*.class=0;38;2;102;102;102
*.shtml=0;38;2;229;192;123
*.ipynb=0;38;2;152;195;121
*.matlab=0;38;2;152;195;121
*.config=0;38;2;229;192;123
*.dyn_hi=0;38;2;102;102;102
*.groovy=0;38;2;152;195;121
*.gradle=0;38;2;152;195;121
*.flake8=0;38;2;152;195;121
*.ignore=0;38;2;152;195;121
*.gemspec=0;38;2;152;195;121
*.desktop=0;38;2;229;192;123
*.fdignore=0;38;2;152;195;121
*.kdevelop=0;38;2;152;195;121
*.markdown=0;38;2;229;192;123
*.rgignore=0;38;2;152;195;121
*.cmake.in=0;38;2;152;195;121
*.DS_Store=0;38;2;102;102;102
*.scons_opt=0;38;2;102;102;102
*.gitconfig=0;38;2;152;195;121
*.localized=0;38;2;102;102;102
*.gitignore=0;38;2;152;195;121
*.travis.yml=0;38;2;152;195;121
*.gitmodules=0;38;2;152;195;121
*.synctex.gz=0;38;2;102;102;102
*.applescript=0;38;2;152;195;121
*.fdb_latexmk=0;38;2;102;102;102
*.clang-format=0;38;2;152;195;121
*.gitattributes=0;38;2;152;195;121
*.sconsign.dblite=0;38;2;102;102;102
*.CFUserTextEncoding=0;38;2;102;102;102

*TODO=1
*TODO.md=1
*TODO.txt=1

*README=0;38;2;40;44;52;48;2;229;192;123
*README.md=0;38;2;40;44;52;48;2;229;192;123
*README.txt=0;38;2;40;44;52;48;2;229;192;123

*INSTALL=0;38;2;40;44;52;48;2;229;192;123
*INSTALL.md=0;38;2;40;44;52;48;2;229;192;123
*INSTALL.txt=0;38;2;40;44;52;48;2;229;192;123

*CONTRIBUTORS=0;38;2;40;44;52;48;2;229;192;123
*CONTRIBUTORS.md=0;38;2;40;44;52;48;2;229;192;123
*CONTRIBUTORS.txt=0;38;2;40;44;52;48;2;229;192;123

*COPYING=0;38;2;153;153;153
*COPYRIGHT=0;38;2;153;153;153
*CODEOWNERS=0;38;2;152;195;121

*LICENSE=0;38;2;153;153;153
*LICENSE-MIT=0;38;2;153;153;153
*LICENSE-APACHE=0;38;2;153;153;153

*Makefile=0;38;2;152;195;121
*Makefile.in=0;38;2;102;102;102
*Makefile.am=0;38;2;152;195;121

*hgrc=0;38;2;152;195;121
*passwd=0;38;2;229;192;123
*shadow=0;38;2;229;192;123
*Doxyfile=0;38;2;152;195;121
*setup.py=0;38;2;152;195;121
*configure=0;38;2;152;195;121
*Dockerfile=0;38;2;229;192;123
*SConstruct=0;38;2;152;195;121
*SConscript=0;38;2;152;195;121
*MANIFEST.in=0;38;2;152;195;121
*appveyor.yml=0;38;2;152;195;121
*configure.ac=0;38;2;152;195;121
*CMakeCache.txt=0;38;2;102;102;102
*CMakeLists.txt=0;38;2;152;195;121
*requirements.txt=0;38;2;152;195;121
*package-lock.json=0;38;2;102;102;102
