or=0;38;2;0;0;0;48;2;255;92;87
bd=0;38;2;154;237;254;48;2;51;51;51
mi=0;38;2;0;0;0;48;2;255;92;87
st=0
do=0;38;2;0;0;0;48;2;255;106;193
rs=0
so=0;38;2;0;0;0;48;2;255;106;193
ow=0
*~=0;38;2;102;102;102
no=0
cd=0;38;2;255;106;193;48;2;51;51;51
di=0;38;2;87;199;255
pi=0;38;2;0;0;0;48;2;87;199;255
sg=0
fi=0
mh=0
tw=0
ln=0;38;2;255;106;193
ex=1;38;2;255;92;87
ca=0
su=0
*.p=0;38;2;90;247;142
*.t=0;38;2;90;247;142
*.c=0;38;2;90;247;142
*.a=1;38;2;255;92;87
*.o=0;38;2;102;102;102
*.h=0;38;2;90;247;142
*.m=0;38;2;90;247;142
*.z=4;38;2;154;237;254
*.d=0;38;2;90;247;142
*.r=0;38;2;90;247;142
*.hi=0;38;2;102;102;102
*.nb=0;38;2;90;247;142
*.kt=0;38;2;90;247;142
*.hh=0;38;2;90;247;142
*.ll=0;38;2;90;247;142
*.ex=0;38;2;90;247;142
*.mn=0;38;2;90;247;142
*.as=0;38;2;90;247;142
*.rs=0;38;2;90;247;142
*.cs=0;38;2;90;247;142
*.go=0;38;2;90;247;142
*.cr=0;38;2;90;247;142
*.fs=0;38;2;90;247;142
*.pp=0;38;2;90;247;142
*.pl=0;38;2;90;247;142
*.so=1;38;2;255;92;87
*.py=0;38;2;90;247;142
*.md=0;38;2;243;249;157
*.el=0;38;2;90;247;142
*.7z=4;38;2;154;237;254
*.di=0;38;2;90;247;142
*.rb=0;38;2;90;247;142
*.wv=0;38;2;255;180;223
*.rm=0;38;2;255;180;223
*.lo=0;38;2;102;102;102
*.cc=0;38;2;90;247;142
*.pm=0;38;2;90;247;142
*.js=0;38;2;90;247;142
*.jl=0;38;2;90;247;142
*.ui=0;38;2;243;249;157
*css=0;38;2;90;247;142
*.td=0;38;2;90;247;142
*.hs=0;38;2;90;247;142
*.bz=4;38;2;154;237;254
*.ko=1;38;2;255;92;87
*.ml=0;38;2;90;247;142
*.gv=0;38;2;90;247;142
*.gz=4;38;2;154;237;254
*.cp=0;38;2;90;247;142
*.xz=4;38;2;154;237;254
*.ts=0;38;2;90;247;142
*.la=0;38;2;102;102;102
*.ps=0;38;2;255;92;87
*.bc=0;38;2;102;102;102
*.sh=0;38;2;90;247;142
*.vb=0;38;2;90;247;142
*.iso=4;38;2;154;237;254
*.apk=4;38;2;154;237;254
*.blg=0;38;2;102;102;102
*.swp=0;38;2;102;102;102
*.awk=0;38;2;90;247;142
*.ps1=0;38;2;90;247;142
*.def=0;38;2;90;247;142
*.ilg=0;38;2;102;102;102
*.pas=0;38;2;90;247;142
*.vob=0;38;2;255;180;223
*.com=1;38;2;255;92;87
*hgrc=0;38;2;165;255;195
*.mpg=0;38;2;255;180;223
*.jar=4;38;2;154;237;254
*.sbt=0;38;2;90;247;142
*.php=0;38;2;90;247;142
*.tbz=4;38;2;154;237;254
*.tar=4;38;2;154;237;254
*.xcf=0;38;2;255;180;223
*.sxi=0;38;2;255;92;87
*.xml=0;38;2;243;249;157
*.c++=0;38;2;90;247;142
*.otf=0;38;2;255;180;223
*.m4v=0;38;2;255;180;223
*.bmp=0;38;2;255;180;223
*.fsx=0;38;2;90;247;142
*.csv=0;38;2;243;249;157
*.bsh=0;38;2;90;247;142
*.cgi=0;38;2;90;247;142
*.mli=0;38;2;90;247;142
*.zip=4;38;2;154;237;254
*.mp4=0;38;2;255;180;223
*.dox=0;38;2;165;255;195
*.ppt=0;38;2;255;92;87
*.out=0;38;2;102;102;102
*.toc=0;38;2;102;102;102
*.wmv=0;38;2;255;180;223
*.pyc=0;38;2;102;102;102
*.inl=0;38;2;90;247;142
*.dmg=4;38;2;154;237;254
*.arj=4;38;2;154;237;254
*.dll=1;38;2;255;92;87
*.rtf=0;38;2;255;92;87
*.tcl=0;38;2;90;247;142
*.vcd=4;38;2;154;237;254
*.pyd=0;38;2;102;102;102
*.clj=0;38;2;90;247;142
*.lua=0;38;2;90;247;142
*.mir=0;38;2;90;247;142
*.gif=0;38;2;255;180;223
*.yml=0;38;2;243;249;157
*.dpr=0;38;2;90;247;142
*.aux=0;38;2;102;102;102
*.bib=0;38;2;243;249;157
*.ltx=0;38;2;90;247;142
*.exe=1;38;2;255;92;87
*.ods=0;38;2;255;92;87
*.idx=0;38;2;102;102;102
*.kts=0;38;2;90;247;142
*.mov=0;38;2;255;180;223
*.pid=0;38;2;102;102;102
*.pyo=0;38;2;102;102;102
*.inc=0;38;2;90;247;142
*.mkv=0;38;2;255;180;223
*.tif=0;38;2;255;180;223
*.rpm=4;38;2;154;237;254
*.ipp=0;38;2;90;247;142
*.ind=0;38;2;102;102;102
*.wav=0;38;2;255;180;223
*.pps=0;38;2;255;92;87
*.bag=4;38;2;154;237;254
*.psd=0;38;2;255;180;223
*.pod=0;38;2;90;247;142
*.hxx=0;38;2;90;247;142
*.tgz=4;38;2;154;237;254
*.pbm=0;38;2;255;180;223
*.tml=0;38;2;243;249;157
*.fls=0;38;2;102;102;102
*.xlr=0;38;2;255;92;87
*.tex=0;38;2;90;247;142
*.zsh=0;38;2;90;247;142
*.dot=0;38;2;90;247;142
*.xls=0;38;2;255;92;87
*.cfg=0;38;2;243;249;157
*.pro=0;38;2;165;255;195
*.rst=0;38;2;243;249;157
*.erl=0;38;2;90;247;142
*.bbl=0;38;2;102;102;102
*.jpg=0;38;2;255;180;223
*.flv=0;38;2;255;180;223
*.bst=0;38;2;243;249;157
*.pdf=0;38;2;255;92;87
*.gvy=0;38;2;90;247;142
*.asa=0;38;2;90;247;142
*.pkg=4;38;2;154;237;254
*.avi=0;38;2;255;180;223
*.wma=0;38;2;255;180;223
*.h++=0;38;2;90;247;142
*.m4a=0;38;2;255;180;223
*.svg=0;38;2;255;180;223
*.ttf=0;38;2;255;180;223
*.pgm=0;38;2;255;180;223
*.rar=4;38;2;154;237;254
*.img=4;38;2;154;237;254
*.bcf=0;38;2;102;102;102
*.ogg=0;38;2;255;180;223
*.doc=0;38;2;255;92;87
*.swf=0;38;2;255;180;223
*.sxw=0;38;2;255;92;87
*.nix=0;38;2;243;249;157
*.aif=0;38;2;255;180;223
*.htc=0;38;2;90;247;142
*.xmp=0;38;2;243;249;157
*.bin=4;38;2;154;237;254
*.bat=1;38;2;255;92;87
*.fsi=0;38;2;90;247;142
*.bz2=4;38;2;154;237;254
*.exs=0;38;2;90;247;142
*.hpp=0;38;2;90;247;142
*.mid=0;38;2;255;180;223
*.fon=0;38;2;255;180;223
*TODO=1
*.cxx=0;38;2;90;247;142
*.elm=0;38;2;90;247;142
*.png=0;38;2;255;180;223
*.eps=0;38;2;255;180;223
*.kex=0;38;2;255;92;87
*.tsx=0;38;2;90;247;142
*.log=0;38;2;102;102;102
*.vim=0;38;2;90;247;142
*.ics=0;38;2;255;92;87
*.epp=0;38;2;90;247;142
*.deb=4;38;2;154;237;254
*.csx=0;38;2;90;247;142
*.odp=0;38;2;255;92;87
*.sty=0;38;2;102;102;102
*.htm=0;38;2;243;249;157
*.fnt=0;38;2;255;180;223
*.ppm=0;38;2;255;180;223
*.zst=4;38;2;154;237;254
*.txt=0;38;2;243;249;157
*.git=0;38;2;102;102;102
*.odt=0;38;2;255;92;87
*.mp3=0;38;2;255;180;223
*.ico=0;38;2;255;180;223
*.bak=0;38;2;102;102;102
*.cpp=0;38;2;90;247;142
*.sql=0;38;2;90;247;142
*.tmp=0;38;2;102;102;102
*.ini=0;38;2;243;249;157
*.epub=0;38;2;255;92;87
*.h264=0;38;2;255;180;223
*.html=0;38;2;243;249;157
*.xlsx=0;38;2;255;92;87
*.dart=0;38;2;90;247;142
*.json=0;38;2;243;249;157
*.cson=0;38;2;243;249;157
*.conf=0;38;2;243;249;157
*.less=0;38;2;90;247;142
*.toml=0;38;2;243;249;157
*.pptx=0;38;2;255;92;87
*.flac=0;38;2;255;180;223
*.mpeg=0;38;2;255;180;223
*.psd1=0;38;2;90;247;142
*.purs=0;38;2;90;247;142
*.lock=0;38;2;102;102;102
*.diff=0;38;2;90;247;142
*.webm=0;38;2;255;180;223
*.rlib=0;38;2;102;102;102
*.orig=0;38;2;102;102;102
*.tbz2=4;38;2;154;237;254
*.jpeg=0;38;2;255;180;223
*.java=0;38;2;90;247;142
*.tmux=0;38;2;90;247;142
*.fish=0;38;2;90;247;142
*.tiff=0;38;2;255;180;223
*.bash=0;38;2;90;247;142
*.opus=0;38;2;255;180;223
*.lisp=0;38;2;90;247;142
*.psm1=0;38;2;90;247;142
*.hgrc=0;38;2;165;255;195
*.docx=0;38;2;255;92;87
*.make=0;38;2;165;255;195
*.yaml=0;38;2;243;249;157
*.class=0;38;2;102;102;102
*.ipynb=0;38;2;90;247;142
*.scala=0;38;2;90;247;142
*shadow=0;38;2;243;249;157
*README=0;38;2;40;42;54;48;2;243;249;157
*.cache=0;38;2;102;102;102
*passwd=0;38;2;243;249;157
*.xhtml=0;38;2;243;249;157
*.jsonc=0;38;2;243;249;157
*.dyn_o=0;38;2;102;102;102
*.swift=0;38;2;90;247;142
*.shtml=0;38;2;243;249;157
*.cabal=0;38;2;90;247;142
*.mdown=0;38;2;243;249;157
*.cmake=0;38;2;165;255;195
*.toast=4;38;2;154;237;254
*.patch=0;38;2;90;247;142
*.ignore=0;38;2;165;255;195
*.config=0;38;2;243;249;157
*.groovy=0;38;2;90;247;142
*.matlab=0;38;2;90;247;142
*.dyn_hi=0;38;2;102;102;102
*COPYING=0;38;2;153;153;153
*.flake8=0;38;2;165;255;195
*INSTALL=0;38;2;40;42;54;48;2;243;249;157
*TODO.md=1
*.gradle=0;38;2;90;247;142
*LICENSE=0;38;2;153;153;153
*.desktop=0;38;2;243;249;157
*Doxyfile=0;38;2;165;255;195
*Makefile=0;38;2;165;255;195
*.gemspec=0;38;2;165;255;195
*TODO.txt=1
*setup.py=0;38;2;165;255;195
*.DS_Store=0;38;2;102;102;102
*.kdevelop=0;38;2;165;255;195
*.cmake.in=0;38;2;165;255;195
*.rgignore=0;38;2;165;255;195
*.markdown=0;38;2;243;249;157
*configure=0;38;2;165;255;195
*COPYRIGHT=0;38;2;153;153;153
*.fdignore=0;38;2;165;255;195
*README.*=0;38;2;40;42;54;48;2;243;249;157
*.scons_opt=0;38;2;102;102;102
*.gitignore=0;38;2;165;255;195
*INSTALL.md=0;38;2;40;42;54;48;2;243;249;157
*SConstruct=0;38;2;165;255;195
*.localized=0;38;2;102;102;102
*CODEOWNERS=0;38;2;165;255;195
*SConscript=0;38;2;165;255;195
*Dockerfile=0;38;2;243;249;157
*.gitconfig=0;38;2;165;255;195
*Makefile.am=0;38;2;165;255;195
*MANIFEST.in=0;38;2;165;255;195
*.gitmodules=0;38;2;165;255;195
*LICENSE-MIT=0;38;2;153;153;153
*INSTALL.txt=0;38;2;40;42;54;48;2;243;249;157
*.synctex.gz=0;38;2;102;102;102
*Makefile.in=0;38;2;102;102;102
*.travis.yml=0;38;2;90;247;142
*.fdb_latexmk=0;38;2;102;102;102
*.applescript=0;38;2;90;247;142
*configure.ac=0;38;2;165;255;195
*CONTRIBUTORS=0;38;2;40;42;54;48;2;243;249;157
*appveyor.yml=0;38;2;90;247;142
*.clang-format=0;38;2;165;255;195
*.gitattributes=0;38;2;165;255;195
*CMakeLists.txt=0;38;2;165;255;195
*LICENSE-APACHE=0;38;2;153;153;153
*CMakeCache.txt=0;38;2;102;102;102
*CONTRIBUTORS.md=0;38;2;40;42;54;48;2;243;249;157
*requirements.txt=0;38;2;165;255;195
*CONTRIBUTORS.txt=0;38;2;40;42;54;48;2;243;249;157
*.sconsign.dblite=0;38;2;102;102;102
*package-lock.json=0;38;2;102;102;102
*.CFUserTextEncoding=0;38;2;102;102;102'
